
ncal_standard_sparsity = [0.0833, 0.5189, 0.7306, 0.8488, 0.9996, 1.0000]
ncal_mink_sparsity = [0.0833, 0.1925, 0.3656, 0.5560, 0.6998, 0.8299, ]
ncal_mink_drop_sparsity = [0.0833, 0.1925, 0.2926, 0.4197, 0.5326, 0.6469]

dvs_standard_sparsity = [0.0497, 0.4529, 0.8682, 0.9977, 1.0000, 1.0000]
dvs_mink_sparsity = [0.0497, 0.1131, 0.2521, 0.5113, 0.8297, 0.9857]
dvs_mink_drop_sparsity = [0.0497, 0.1131, 0.2021, 0.3677, 0.5893, 0.7657]

asl_standard_sparsity = [0.0114, 0.1495, 0.3287, 0.6925, 0.9999, 1.0000]
asl_mink_sparsity = [0.0114, 0.0347, 0.0847, 0.1699, 0.2942, 0.4953]
asl_mink_drop_sparsity = [0.0114, 0.0347, 0.0679, 0.1236, 0.2064, 0.3368, ]

nmnist_standard_sparsity = [0.2305, 0.7827, 1.0000, 1.0000]
nmnist_mink_sparsity = [0.2305, 0.3362, 0.5692, 0.9419, ]
nmnist_mink_drop_sparsity = [0.2305, 0.3362, 0.4609, 0.7247]

# poker_standard_sparsity = [0.0976, 0.2730, 0.7407, 1.0000]
# poker_mink_sparsity = [0.0976, 0.2008, 0.3722, 0.6713]
# poker_mink_drop_sparsity = [0.0976, 0.2008, 0.3024, 0.5277]

inirosh_standard_sparsity = [0.1081, 0.5234, 0.6411, 0.9967, 1.0]
inirosh_mink_sparsity = [0.1082, 0.2259, 0.3888, 0.5690, 0.7689]
inirosh_mink_drop_sparsity = [0.1081, 0.2257, 0.3126, 0.4386, 0.5976]

ncal_standard_kernel = [
    [0.3899, 0.2017, 0.1475, 0.0979, 0.0681, 0.0491, 0.0256, 0.0133, 0.0071],
    [0.1156, 0.1377, 0.0996, 0.1029, 0.0924, 0.1104, 0.0995, 0.1056, 0.1363],
    [0.0126, 0.0259, 0.0343, 0.0281, 0.0287, 0.0596, 0.0513, 0.0718, 0.6877],
    [0.0014, 0.0022, 0.0284, 0.0017, 0.0024, 0.0349, 0.0025, 0.0036, 0.923],
    [0.0, 0.0, 0.0003, 0.0, 0.0, 0.002, 0.0, 0.0, 0.9977],
    [0.0, 0.0, 0.0, 0.0, 0.0, 0.0, 0.0, 0.0, 1.0]
]

ncal_mink_kernel = [
    [0.3899, 0.2017, 0.1475, 0.0979, 0.0681, 0.0491, 0.0256, 0.0133, 0.0071],
    [0.2465, 0.1561, 0.1391, 0.1167, 0.1034, 0.094, 0.0686, 0.0472, 0.0284],
    [0.1257, 0.1044, 0.1018, 0.0942, 0.0966, 0.1099, 0.1113, 0.1183, 0.1378],
    [0.0357, 0.0444, 0.0609, 0.0603, 0.0731, 0.1006, 0.1048, 0.1498, 0.3704],
    [0.0124, 0.0219, 0.0603, 0.0206, 0.0322, 0.1096, 0.0391, 0.0921, 0.6118],
    [0.0032, 0.0094, 0.0967, 0.0074, 0.017, 0.1685, 0.0125, 0.0324, 0.653]
]

ncal_mink_drop_kernel = [
    [0.3899, 0.2017, 0.1475, 0.0979, 0.0681, 0.0491, 0.0256, 0.0133, 0.0071],
    [0.2465, 0.1561, 0.1391, 0.1167, 0.1034, 0.094, 0.0686, 0.0472, 0.0284],
    [0.1514, 0.1315, 0.128, 0.1294, 0.1362, 0.1328, 0.1081, 0.0635, 0.019],
    [0.0626, 0.0789, 0.0962, 0.1154, 0.1454, 0.1729, 0.1709, 0.1181, 0.0397],
    [0.0313, 0.05, 0.0642, 0.0795, 0.1288, 0.1848, 0.2204, 0.1769, 0.064],
    [0.0195, 0.0515, 0.0688, 0.0674, 0.1182, 0.1743, 0.2356, 0.1999, 0.0649]
]


dvs_standard_kernel = [
    [0.553, 0.1525, 0.0791, 0.0487, 0.036, 0.0315, 0.0272, 0.0273, 0.0448],
    [0.2137, 0.2501, 0.0963, 0.1217, 0.0684, 0.0626, 0.0483, 0.0475, 0.0916],
    [0.0275, 0.0636, 0.057, 0.0673, 0.0549, 0.102, 0.0857, 0.0993, 0.4426],
    [0.0002, 0.0003, 0.0012, 0.0006, 0.0011, 0.0034, 0.0039, 0.0052, 0.984],
    [0.0, 0.0, 0.0, 0.0, 0.0, 0.0, 0.0, 0.0, 1.0],
    [0.0, 0.0, 0.0, 0.0, 0.0, 0.0, 0.0, 0.0, 1.0]
]

dvs_mink_kernel = [
    [0.553, 0.1525, 0.0791, 0.0487, 0.036, 0.0315, 0.0272, 0.0273, 0.0448],
    [0.4822, 0.1761, 0.0944, 0.0606, 0.0444, 0.0365, 0.0307, 0.0302, 0.0448],
    [0.3137, 0.1979, 0.126, 0.0866, 0.0662, 0.0552, 0.0471, 0.0448, 0.0625],
    [0.0811, 0.1075, 0.118, 0.1173, 0.1124, 0.109, 0.1061, 0.108, 0.1405],
    [0.0015, 0.0045, 0.011, 0.0232, 0.0424, 0.0754, 0.1285, 0.2216, 0.492],
    [0.0, 0.0, 0.0, 0.0, 0.0002, 0.0019, 0.0099, 0.0578, 0.9302]
]

dvs_mink_drop_kernel = [
    [0.553, 0.1525, 0.0791, 0.0487, 0.036, 0.0315, 0.0272, 0.0273, 0.0448],
    [0.4822, 0.1761, 0.0944, 0.0606, 0.0444, 0.0365, 0.0307, 0.0302, 0.0448],
    [0.3544, 0.2077, 0.1293, 0.0909, 0.0723, 0.0604, 0.0476, 0.0286, 0.0089],
    [0.1478, 0.1632, 0.156, 0.142, 0.1282, 0.1129, 0.0873, 0.0489, 0.0137],
    [0.0124, 0.0327, 0.066, 0.115, 0.1734, 0.2212, 0.2143, 0.1304, 0.0345],
    [0.0, 0.0, 0.0005, 0.0052, 0.0396, 0.2195, 0.4267, 0.2629, 0.0457]
]


asl_standard_kernel = [
    [0.5988, 0.2249, 0.0999, 0.0433, 0.019, 0.0084, 0.0035, 0.0015, 0.0007],
    [0.2098, 0.2204, 0.1227, 0.1264, 0.0957, 0.089, 0.0621, 0.0462, 0.0276],
    [0.0654, 0.1107, 0.0868, 0.0784, 0.0509, 0.1076, 0.066, 0.0849, 0.3493],
    [0.0223, 0.0342, 0.0766, 0.0269, 0.0249, 0.0945, 0.0349, 0.0359, 0.6497],
    [0.0, 0.0, 0.0001, 0.0, 0.0, 0.0012, 0.0002, 0.0003, 0.9982],
    [0.0, 0.0, 0.0, 0.0, 0.0, 0.0, 0.0, 0.0, 1.0]
]

asl_mink_kernel = [
    [0.5988, 0.2249, 0.0999, 0.0433, 0.019, 0.0084, 0.0035, 0.0015, 0.0007],
    [0.4126, 0.2149, 0.1482, 0.0982, 0.0632, 0.0368, 0.0172, 0.0069, 0.002],
    [0.2959, 0.1565, 0.1426, 0.1228, 0.1074, 0.0848, 0.0519, 0.0277, 0.0104],
    [0.2672, 0.1209, 0.1045, 0.0908, 0.0961, 0.1027, 0.0898, 0.0784, 0.0496],
    [0.2138, 0.138, 0.1156, 0.0883, 0.0824, 0.0911, 0.0748, 0.0859, 0.11],
    [0.0721, 0.0945, 0.1171, 0.1191, 0.123, 0.1432, 0.1129, 0.1121, 0.106],
]

asl_mink_drop_kernel = [
    [0.5988, 0.2249, 0.0999, 0.0433, 0.019, 0.0084, 0.0035, 0.0015, 0.0007],
    [0.4126, 0.2149, 0.1482, 0.0982, 0.0632, 0.0368, 0.0172, 0.0069, 0.002],
    [0.3258, 0.1934, 0.165, 0.1315, 0.0943, 0.0552, 0.025, 0.0083, 0.0015],
    [0.2848, 0.1564, 0.1418, 0.1328, 0.1186, 0.0889, 0.0517, 0.0208, 0.0041],
    [0.2538, 0.1639, 0.1329, 0.1173, 0.1127, 0.0999, 0.0737, 0.0371, 0.0086],
    [0.1329, 0.1593, 0.1647, 0.1594, 0.1491, 0.1202, 0.0778, 0.0315, 0.005]
]

nmnist_standard_kernel = [
    [0.2937, 0.0917, 0.0697, 0.0463, 0.0484, 0.0664, 0.0533, 0.0727, 0.2577],
    [0.0938, 0.122, 0.1039, 0.0979, 0.0874, 0.0987, 0.0715, 0.0823, 0.2424],
    [0.0, 0.0, 0.0, 0.0, 0.0, 0.0, 0.0, 0.0, 1.0],
    [0.0, 0.0, 0.0, 0.0, 0.0, 0.0, 0.0, 0.0, 1.0]
]

nmnist_mink_kernel = [
    [0.2937, 0.0917, 0.0697, 0.0463, 0.0484, 0.0664, 0.0533, 0.0727, 0.2577],
    [0.2108, 0.1474, 0.116, 0.0773, 0.0669, 0.0816, 0.0595, 0.0749, 0.1655],
    [0.034, 0.0589, 0.0902, 0.1138, 0.134, 0.1553, 0.135, 0.1286, 0.1501],
    [0.0, 0.0039, 0.0164, 0.0487, 0.0968, 0.169, 0.1917, 0.2258, 0.2477]
]

nmnist_mink_drop_kernel = [
    [0.2937, 0.0917, 0.0697, 0.0463, 0.0484, 0.0664, 0.0533, 0.0727, 0.2577],
    [0.2108, 0.1474, 0.116, 0.0773, 0.0669, 0.0816, 0.0595, 0.0749, 0.1655],
    [0.0562, 0.0969, 0.136, 0.1621, 0.1745, 0.1616, 0.1255, 0.0691, 0.0179],
    [0.004, 0.0232, 0.0697, 0.1432, 0.2097, 0.2422, 0.2018, 0.0915, 0.0147]
]

# poker_standard_kernel = [
#     [0.1303, 0.108, 0.1178, 0.1056, 0.1187, 0.1262, 0.1098, 0.1014, 0.0823],
#     [0.0489, 0.0551, 0.0842, 0.0634, 0.1175, 0.1331, 0.0915, 0.1746, 0.2318],
#     [0.0, 0.0, 0.0, 0.0, 0.0, 0.0, 0.0, 0.1, 0.9]
# ]
#
# poker_mink_kernel = [
#     [0.1237, 0.1039, 0.1155, 0.106, 0.121, 0.1292, 0.1124, 0.1039, 0.0843],
#     [0.046, 0.0496, 0.0763, 0.0714, 0.1356, 0.1283, 0.1295, 0.2034, 0.1598],
#     [0.0, 0.0, 0.0, 0.0, 0.0, 0.025, 0.025, 0.525, 0.425]
# ]
#
# poker_mink_drop_kernel = [
#     [0.1237, 0.1039, 0.1155, 0.106, 0.121, 0.1292, 0.1124, 0.1039, 0.0843],
#     [0.046, 0.0496, 0.0763, 0.0714, 0.1356, 0.1283, 0.1295, 0.2034, 0.1598],
#     [0.0, 0.0, 0.0, 0.0, 0.0125, 0.0375, 0.15, 0.4875, 0.3125]
# ]

iniRosh_standard_kernel = [
    [0.3136, 0.1937, 0.1489, 0.107, 0.0816, 0.0625, 0.0413, 0.0288, 0.0227],
    [0.104, 0.1133, 0.0906, 0.0883, 0.0892, 0.1112, 0.1002, 0.1131, 0.1901],
    [0.0368, 0.0621, 0.059, 0.0549, 0.0489, 0.0832, 0.0605, 0.0866, 0.508],
    [0.0001, 0.0004, 0.003, 0.0007, 0.0014, 0.0118, 0.0034, 0.0055, 0.9737],
    [0.0, 0.0, 0.0, 0.0, 0.0, 0.0012, 0.0001, 0.0007, 0.998]
]

iniRosh_mink_kernel = [
    [0.3131, 0.1937, 0.1491, 0.1071, 0.0817, 0.0626, 0.0413, 0.0288, 0.0228],
    [0.1921, 0.1321, 0.1331, 0.1176, 0.1095, 0.1016, 0.0803, 0.069, 0.0647],
    [0.1343, 0.0963, 0.0969, 0.0853, 0.0901, 0.1061, 0.1028, 0.1194, 0.169],
    [0.0608, 0.0699, 0.0831, 0.0784, 0.0859, 0.1122, 0.1027, 0.1317, 0.2752],
    [0.0019, 0.0114, 0.0252, 0.0483, 0.0755, 0.1272, 0.1359, 0.1826, 0.3921]
]

iniRosh_mink_drop_kernel = [
    [0.3136, 0.1937, 0.1489, 0.107, 0.0816, 0.0625, 0.0413, 0.0288, 0.0227],
    [0.1925, 0.1324, 0.1332, 0.1177, 0.1095, 0.1013, 0.08, 0.0688, 0.0645],
    [0.1344, 0.0964, 0.097, 0.0853, 0.0903, 0.106, 0.1029, 0.1193, 0.1683],
    [0.0892, 0.1016, 0.1109, 0.1215, 0.142, 0.1588, 0.1517, 0.0967, 0.0276],
    [0.0036, 0.0172, 0.0359, 0.0675, 0.1012, 0.1459, 0.1529, 0.179, 0.2968]
]
